%[text] ## part a
K = 500;
w = linspace(-pi, pi, K);
X_analytical = 1 ./ (1 - 0.8 * exp(-1j * w)); %[output:9f885aef]
%[text] ## part b


%[appendix]{"version":"1.0"}
%---
%[metadata:view]
%   data: {"layout":"onright"}
%---
%[output:9f885aef]
%   data: {"dataType":"matrix","outputData":{"columns":500,"name":"X_analytical","rows":1,"type":"complex","value":[["0.5556 + 0.0000i","0.5556 + 0.0031i","0.5556 + 0.0062i","0.5556 + 0.0093i","0.5556 + 0.0124i","0.5556 + 0.0156i","0.5556 + 0.0187i","0.5557 + 0.0218i","0.5557 + 0.0249i","0.5557 + 0.0280i","0.5558 + 0.0311i","0.5558 + 0.0343i","0.5559 + 0.0374i","0.5559 + 0.0405i","0.5560 + 0.0436i","0.5560 + 0.0468i","0.5561 + 0.0499i","0.5562 + 0.0530i","0.5563 + 0.0562i","0.5563 + 0.0593i","0.5564 + 0.0625i","0.5565 + 0.0657i","0.5566 + 0.0688i","0.5567 + 0.0720i","0.5568 + 0.0752i","0.5569 + 0.0783i","0.5571 + 0.0815i","0.5572 + 0.0847i","0.5573 + 0.0879i","0.5574 + 0.0911i"]]}}
%---
